19:23:19 [Thread-2] Q&A向量化失败: conversationId=27fef766-024e-462a-9020-dce89ac2d7fc, error=PreparedStatementCallback; SQL [INSERT INTO knowledge_embeddings (id, source_type, source_doc_id, chunk_text, chunk_index, embedding, company, created_at) VALUES (gen_random_uuid(), 'SMART_CHAT', ?::uuid, ?, 0, ?::vector, ?, NOW())]; 错误: invalid input syntax for type vector: "(-0.033823553,-0.0006062903,-0.05995567,0.052911125,-0.02831285,-0.082973376,-0.05102184,0.029662168,-0.020644046,0.024035271,-0.058681704,-0.012072725,0.044172365,-0.023726929,0.011542783,0.012664073,-0.0172134,-0.006271305,0.016009206,-0.008155567,0.027763732,0.04051841,0.04400615,0.0089238705,0.027542835,0.013098358,-0.046123847,0.026981438,0.07272043,0.02862956,0.021502335,-0.023906097,-0.01265099,-0.015693218,-0.047142606,0.03548799,-0.0037881027,-0.030529462,-0.028807241,0.03597881,0.004720572,-0.0061542415,-0.011443377,-0.003942772,0.0200248,0.00022569645,-0.047888387,-0.044250015,-0.018660184,-0.025518421,-0.004811628,-0.04183209,0.016443456,-0.029941004,-0.025807906,0.06051674,-0.026539257,0.021342115,0.003308852,0.045131125,-0.03458364,0.025642127,-0.016506799,-0.021284146,-0.0016873498,-0.0059562675,0.030077774,0.003124481,0.0150483595,-0.04063302,0.0027316923,0.015952751,-0.009568756,-0.0058916984,-0.059515107,0.05118722,-0.013499562,-0.008376763,0.003957853,0.009807286,0.015333279,-0.03968851,-0.010418336,-0.008771102,-0.022035489,-0.012487264,-0.009476969,-0.023359967,-0.026180902,-0.026281502,-0.024604945,-0.0128797125,-0.02600073,-0.03498745,-0.00016077445,-0.0054159784,-0.03154981,0.028126976,0.028122585,0.012961966,-0.007584036,0.018913332,0.022317065,-0.020093722,0.040552173,-0.041256044,0.033207018,-0.013778648,-0.013049279,-0.03292143,0.002113825,0.0051120217,-0.028465685,-0.012018364,-0.019836744,-0.037258018,-0.0012506341,-0.012695328,0.010209604,-0.044122826,0.00954667,0.0018870312,0.056054417,-0.019268688,-0.03014423,-0.01718004,-0.017965876,0.013914604,0.022699602,0.056664266,-0.0137663605,0.060175058,-0.010675618,0.0071861465,-0.01829617,-0.028932527,-0.04000002,0.019053549,0.0019715454,-0.01931175,0.016745158,0.014483042,-0.043589808,-0.000968065,0.0042282003,-0.037641786,0.012165059,0.018919092,-0.022396987,0.011631302,0.028259307,0.0016461842,0.050729513,-0.010464823,-0.005040635,-0.018473087,0.025734067,0.044653513,-0.06754802,0.043253016,-0.047509655,0.05330257,-0.021125527,-0.008963296,0.009233452,-0.015758611,-0.0023986078,0.0056657805,-0.03484538,0.0025268642,0.019617468,-0.011288918,0.024061555,0.006737049,0.019776236,0.032059982,0.061931055,0.0004940571,0.008156525,-0.019416211,-0.0016701134,0.0072689196,0.0242586,0.011793687,-0.014701465,0.058169886,0.07026011,-0.016652457,0.011687422,-0.039692227,-0.0034290606,0.028829444,0.002343115,0.011847566,0.007713146,-0.03347971,-0.0037871741,-0.0046354374,-0.015127276,-0.029176831,-0.021870486,-0.02113417,-0.03833498,0.015451356,-0.026638636,0.007774269,0.016802847,0.015921578,-0.0061442847,0.007200418,-0.056973252,-0.0327189,0.012035108,0.02396296,0.04654027,0.021487784,-0.026627254,-0.009160171,0.030667761,-0.038299236,-0.021210074,0.050912388,-0.0074629188,0.011452234,0.0035527502,-0.032203633,0.06931568,-0.0024343312,0.027656268,-0.045380414,-0.014062725,0.01253377,0.0066595534,-0.0015718875,0.011386723,0.02417768,-0.0026050804,0.015021051,0.005082629,0.05182643,-0.015745474,0.037354592,0.03381495,0.00959635,-0.04777676,0.026843619,0.032361317,0.013437701,-0.06336676,-0.069333956,0.027047407,0.008081067,-0.019372152,0.012280713,0.0732042,0.016209068,0.008099033,-0.008567307,-0.021361921,-0.049412712,0.016991012,-0.000046067227,0.033544555,0.015900137,-0.009121027,0.043556325,-0.0023617977,0.03179212,-0.000077402474,-0.026845973,0.016907094,-0.03065902,-0.027504835,0.07526153,-0.059534077,0.06793609,0.010187129,0.021081699,0.09421419,-0.0014532013,0.029706618,-0.02885106,0.0070906538,0.01828278,0.062236402,-0.033035155,-0.031947378,-0.013827472,0.012536379,-0.013064634,-0.04044657,-0.022958346,0.06989511,-0.07095226,-0.009153222,0.015052282,0.00041469207,-0.15326191,0.02315992,-0.012329936,-0.05418743,-0.005923099,0.036750093,-0.0300643,-0.040467102,-0.02690831,0.02012598,-0.004622509,-0.04560257,-0.009854379,-0.005368741,-0.056971554,0.017382931,-0.04919646,0.025454167,0.00094422675,-0.02816549,0.026770934,-0.050096225,0.011641558,-0.020644976,-0.06305969,0.024134604,0.06682654,0.033374153,-0.022187335,-0.020626118,-0.016907608,-0.0071516763,0.004998381,0.03148379,0.02591791,-0.022871036,0.023454236,-0.033466943,0.0089090485,-0.027987683,0.038871557,0.020785544,0.0053153485,0.040030435,-0.011063256,0.010520669,-0.0032863908,-0.008845008,-0.009424369,-0.017850032,0.02960966,0.005695663,-0.0101365475,-0.030037714,-0.04073663,-0.0019938357,-0.020115493,0.026565105,-0.05572279,-0.031970344,0.011232877,-0.06273971,0.010974552,0.0144398,-0.012901278,0.011373802,0.04427014,0.030285463,0.0037514127,-0.039306268,-0.00027087514,-0.011605468,-0.011561249,0.048507422,-0.01599429,0.0059639686,-0.033891283,0.0022784718,-0.013168774,-0.11673612,-0.007964511,0.019695368,-0.0034177788,0.0055909795,-0.001218624,-0.026793247,-0.006167126,-0.0069794855,0.02926453,0.21641694,0.013290448,0.009049893,-0.037235778,0.0066302274,-0.01646977,-0.019841908,0.005874429,0.0188529,0.0010091573,0.027398579,0.010535982,-0.0018183917,0.0068208645,-0.007589833,-0.04289925,-0.004308759,0.03559557,0.044282496,-0.011717008,0.030638231,0.0038803276,0.0506869,-0.019503444,-0.055323683,-0.0012065319,-0.0002515324,-0.009914837,-0.0148275485,0.01902416,-0.06412883,0.0060543567,0.015504718,-0.013790007,0.02194619,-0.0053604087,0.013303969,-0.011361438,0.028006868,0.035735093,-0.016259866,-0.01068926,-0.019179197,-0.020139387,-0.0019067348,-0.04516407,-0.021161236,0.010085397,0.03202008,-0.026832515,-0.05597394,-0.036888715,-0.010840417,-0.049156208,-0.027685147,-0.01680453,-0.0015164994,0.03005618,0.0012266639,0.027378019,-0.015473917,0.0004802329,-0.0038338366,-0.015106026,-0.0076233945,-0.031355854,-0.006668894,-0.009275037,-0.0031534184,0.000570555,0.0028784387,0.042346984,-0.0048871343,-0.0016073714,0.021714976,-0.010572937,0.04841924,0.0748045,0.034297794,0.011551676,-0.0864533,-0.034590892,-0.03293458,-0.035113182,0.007567889,0.0037137773,-0.005296052,-0.041107163,-0.035190415,0.004488178,-0.032608375,0.023636214,0.014468907,-0.0069453306,0.021265654,0.035153177,-0.08253144,-0.06095056,0.0065317675,0.013258787,0.00434095,-0.003652546,-0.02688787,-0.012395754,-0.013573162,-0.003267108,-0.015518587,-0.031293295,0.03856206,0.0039547454,-0.071914285,0.0022941246,-0.005133327,-0.033906214,0.040979803,-0.00043594398,-0.028017431,0.009249141,0.035769925,-0.020949546,-0.012960108,-0.023523187,0.057106007,0.0033747167,-0.00085211586,-0.019198323,0.024514169,-0.018507747,0.023825618,0.008762796,0.039734166,-0.04083712,-0.018425124,-0.019373545,-0.028239194,0.009624097,-0.030533293,0.0064604203,0.0023569276,0.005826199,-0.04381439,-0.01552347,0.013157289,-0.0034984187,0.017162312,-0.0026383786,0.010283715,0.0037759517,0.012143804,0.021139573,-0.018938072,0.025069429,0.09263232,-0.009695442,0.010310668,-0.0979711,0.008264181,0.030872075,0.055941936,0.040464625,-0.021384945,0.06253029,-0.007828497,0.06714273,0.022376353,0.039500814,0.028948976,0.007106283,-0.017740155,-0.037555072,0.008960166,-0.08347988,-0.0089888,0.015182321,0.038325183,-0.03398894,-0.05298623,0.0480427,-0.03157435,-0.053738073,0.042842265,-0.01094584,-0.0069655455,0.0070678876,-0.006979546,-0.02971772,0.007816162,0.000336176,-0.006219067,-0.034889936,-0.04951596,0.067726955,-0.034637813,-0.0115213785,0.02114267,-0.02574897,-0.017068027,0.045475457,-0.018354073,-0.010281075,0.020422779,-0.008886949,0.004122489,-0.006512128,0.0032741225,-0.012494653,0.031942196,-0.014923984,-0.0014979368,0.0024473702,-0.0002489007,-0.011177752,0.0018823958,0.008108633,-0.02981502,-0.035166856,0.019367,-0.00408025,0.0051128576,-0.05320353,-0.022349145,-0.011838936,0.030984905,-0.015471198,-0.02162649,0.01042934,0.012900774,-0.03718098,0.03132408,-0.011967819,0.002903658,-0.023333553,0.0457477,-0.012481848,-0.008781934,-0.0025934735,0.0062795263,-0.021183359,-0.049330216,-0.0056649987,0.004733067,0.028298685,0.016871335,0.013287152,-0.0106087215,0.015422244,-0.001046747,0.015676478,0.03482906,0.03065438,-0.00094825577,-0.0023635677,0.03841179,0.04255919,-0.058276888,0.0817381,-0.044644047,0.024059387,0.034784656,0.0001308688,-0.038886227,0.036827367,0.01978729,0.037387002,-0.029473228,-0.03571354,-0.018894238,0.05282906,-0.02367227,-0.028034883,-0.0047245817,-0.012551713,-0.03294155,-0.035150908,0.008175234,-0.01693541,0.00050218106,-0.037526544,0.017882368,-0.027705103,0.00814175,-0.03735291,0.017127741,0.007922559,0.0073255226,0.02681101,-0.007682277,-0.056686178,-0.03672014,-0.047436822,-0.0028077571,0.007913582,0.0027706278,0.0092367325,-0.008758892,0.0281278,0.013125204,-0.022420341,-0.030295203,-0.036159992,0.009346374,0.02497364,-0.0062395236,0.011002428,-0.030744825,0.011898249,-0.008353974,-0.0064422735,-0.0004131606,0.026286462,-0.008330013,-0.016556354,0.025917662,0.029117707,0.015365178,0.0031262652,0.0502855,0.01289922,0.028459486,0.0073178518,-0.0011631851,0.0003485182,-0.066259675,0.014735629,-0.026797771,-0.0052777333,0.015222125,-0.012731025,0.001810434,-0.019688776,-0.0629851,-0.018225009,-0.02698554,-0.07372845,0.014639239,-0.025366057,-0.0075840545,-0.026970478,0.069293074,0.01534368,-0.014015855,-0.058197126,0.04666412,-0.004930974,-0.01460121,0.04218121,0.0028381844,0.0010183962,0.0060726847,0.0010931507,0.014747276,0.053917356,-0.009413881,-0.01269441,0.037201338,-0.023072055,-0.04716881,-0.028376298,0.011615967,-0.017888546,-0.042604275,0.04422042,0.035822604,0.024366148,-0.0011205744,-0.006133176,0.06950977,-0.0015641014,0.028312288,0.037973728,0.0016850863,0.01839516,0.0019133906,-0.0043217917,0.03871038,0.00314659,0.009729663,0.03707089,-0.015603633,0.0036155032,-0.004464891,0.008010466,-0.0373276,0.025446868,0.032138743,-0.038934067,-0.033139937,-0.01025659,0.021331197,-0.02576516,-0.018739348,-0.011060363,-0.055845648,0.05422658,-0.10364546,0.044404265,-0.040443566,-0.0119906515,0.015170813,-0.019048113,0.015568505,-0.00081972795,0.0009286187,-0.03456832,0.04733746,-0.03196143,0.05306602,-0.016856404,0.0274431,0.014973621,-0.03277987,0.020667296,0.01357403,-0.013810335,0.010017153,-0.034851085,0.051393997,0.036648262,0.008540024,0.0075050597,0.0006332168,0.016997512,-0.009454349,-0.018099228,0.04569636,-0.010777067,-0.016274758,0.07996476,-0.00080669124,0.026498197,-0.0017290973,-0.024161346,-0.004660383,-0.007437432,0.0042729815,0.032516923,-0.0013367208,0.0027529874,-0.001470491,0.05372697,0.014310402,-0.055744432,-0.002820882,0.04649515,-0.036525156,0.003647453,-0.03388454,-0.020529918,-0.007706224,-0.010316145,-0.07541385,-0.061441064,0.015188381,-0.048182696,-0.0031308508,0.004675627,-0.06508612,-0.07255382,-0.008044991,-0.0041059367,-0.0015685898,0.03168742,-0.025934512,-0.0031447697,-0.01693238,0.007704398,0.0036938754,-0.04862894,-0.048908666,-0.039533783,0.066461675,-0.05865001,-0.065564066,-0.008169839,-0.038216837,-0.015050574,0.01719681,0.053887192,0.013071692,-0.020192958,0.006353768,-0.019221626,0.01625633,-0.021770537,-0.05973228,-0.007997024,-0.033343226,0.04532169,-0.031287435,0.004054393,0.008677457,-0.012134401,0.033024706,0.008031325,0.027103249,-0.06662104,0.0013471264,0.014914251,0.008085683,0.01193058,0.006843136,-0.016772078,0.021868408,-0.038318295,-0.013705462,-0.0071673314,-0.049829565,0.017403169,-0.05420716,0.022192175,0.021876408,-0.014861102,-0.024775162,-0.04814307,0.036846217,-0.0067502726,0.008236785,0.0069287783,-0.019690575,-0.010326536,0.043313924,0.0038088101,-0.0042156125,0.025094355,-0.016458394,-0.0103095975,-0.007900281,0.04504921,0.026250668,0.050883893,-0.023688283,0.044411242,-0.04298745,0.009943277,-0.0033603464,0.054249678,0.00847337,-0.0414753,-0.0055011204,0.033779148,0.022497399,-0.07308102,0.052849688,-0.037244216,0.026242737,-0.0020238382,0.019128526,0.087620966,-0.026403219,0.019181866,0.0015814528,0.010046788,0.034416486,0.04718769,0.03458431,-0.08347323,-0.011079533,0.032528058,0.026487445,0.04311218,0.0084612565,0.0010189019,-0.00962699,0.023943743,-0.0031101105,0.011398166,-0.031764474,0.028741237,0.026355004,-0.02999126,0.051216114,-0.012170845,0.06278433,-0.0075589092,0.011092781,0.016174017,0.019287463,0.042114682,0.029502114,0.01356302,0.026793325,-0.009866443,-0.002155938,-0.0069132345,-0.028635176,0.0048632664,-0.021333927,-0.0063765487,0.06956737,0.050400715,0.015041723,0.030955328,0.020247635,0.04570256,0.002118982,0.015562881,-0.000535623,0.0067503727,0.01387963,-0.040991098,0.0318722,-0.02206077,-0.047631666,0.010300131,0.022618538,-0.012226231,0.04910216,-0.014000927,0.0031605952,-0.02489973,0.03483766,-0.011556971,-0.00812668,-0.006418713,0.02930645,0.047454365,-0.026061336,-0.0050742375,0.020434529,-0.03254015,-0.0059161982,0.012998632,0.02357636,0.017284695,0.0044633457,-0.062485706,-0.01714351,0.043634173,-0.0023207925,0.019126328,-0.05827734,0.0063446094,0.008822315,0.022188894,0.0065523414,-0.0198592,0.03433115,0.022230111)"
  详细：Vector contents must start with "[".
org.springframework.dao.DataIntegrityViolationException: PreparedStatementCallback; SQL [INSERT INTO knowledge_embeddings (id, source_type, source_doc_id, chunk_text, chunk_index, embedding, company, created_at) VALUES (gen_random_uuid(), 'SMART_CHAT', ?::uuid, ?, 0, ?::vector, ?, NOW())]; 错误: invalid input syntax for type vector: "(-0.033823553,-0.0006062903,-0.05995567,0.052911125,-0.02831285,-0.082973376,-0.05102184,0.029662168,-0.020644046,0.024035271,-0.058681704,-0.012072725,0.044172365,-0.023726929,0.011542783,0.012664073,-0.0172134,-0.006271305,0.016009206,-0.008155567,0.027763732,0.04051841,0.04400615,0.0089238705,0.027542835,0.013098358,-0.046123847,0.026981438,0.07272043,0.02862956,0.021502335,-0.023906097,-0.01265099,-0.015693218,-0.047142606,0.03548799,-0.0037881027,-0.030529462,-0.028807241,0.03597881,0.004720572,-0.0061542415,-0.011443377,-0.003942772,0.0200248,0.00022569645,-0.047888387,-0.044250015,-0.018660184,-0.025518421,-0.004811628,-0.04183209,0.016443456,-0.029941004,-0.025807906,0.06051674,-0.026539257,0.021342115,0.003308852,0.045131125,-0.03458364,0.025642127,-0.016506799,-0.021284146,-0.0016873498,-0.0059562675,0.030077774,0.003124481,0.0150483595,-0.04063302,0.0027316923,0.015952751,-0.009568756,-0.0058916984,-0.059515107,0.05118722,-0.013499562,-0.008376763,0.003957853,0.009807286,0.015333279,-0.03968851,-0.010418336,-0.008771102,-0.022035489,-0.012487264,-0.009476969,-0.023359967,-0.026180902,-0.026281502,-0.024604945,-0.0128797125,-0.02600073,-0.03498745,-0.00016077445,-0.0054159784,-0.03154981,0.028126976,0.028122585,0.012961966,-0.007584036,0.018913332,0.022317065,-0.020093722,0.040552173,-0.041256044,0.033207018,-0.013778648,-0.013049279,-0.03292143,0.002113825,0.0051120217,-0.028465685,-0.012018364,-0.019836744,-0.037258018,-0.0012506341,-0.012695328,0.010209604,-0.044122826,0.00954667,0.0018870312,0.056054417,-0.019268688,-0.03014423,-0.01718004,-0.017965876,0.013914604,0.022699602,0.056664266,-0.0137663605,0.060175058,-0.010675618,0.0071861465,-0.01829617,-0.028932527,-0.04000002,0.019053549,0.0019715454,-0.01931175,0.016745158,0.014483042,-0.043589808,-0.000968065,0.0042282003,-0.037641786,0.012165059,0.018919092,-0.022396987,0.011631302,0.028259307,0.0016461842,0.050729513,-0.010464823,-0.005040635,-0.018473087,0.025734067,0.044653513,-0.06754802,0.043253016,-0.047509655,0.05330257,-0.021125527,-0.008963296,0.009233452,-0.015758611,-0.0023986078,0.0056657805,-0.03484538,0.0025268642,0.019617468,-0.011288918,0.024061555,0.006737049,0.019776236,0.032059982,0.061931055,0.0004940571,0.008156525,-0.019416211,-0.0016701134,0.0072689196,0.0242586,0.011793687,-0.014701465,0.058169886,0.07026011,-0.016652457,0.011687422,-0.039692227,-0.0034290606,0.028829444,0.002343115,0.011847566,0.007713146,-0.03347971,-0.0037871741,-0.0046354374,-0.015127276,-0.029176831,-0.021870486,-0.02113417,-0.03833498,0.015451356,-0.026638636,0.007774269,0.016802847,0.015921578,-0.0061442847,0.007200418,-0.056973252,-0.0327189,0.012035108,0.02396296,0.04654027,0.021487784,-0.026627254,-0.009160171,0.030667761,-0.038299236,-0.021210074,0.050912388,-0.0074629188,0.011452234,0.0035527502,-0.032203633,0.06931568,-0.0024343312,0.027656268,-0.045380414,-0.014062725,0.01253377,0.0066595534,-0.0015718875,0.011386723,0.02417768,-0.0026050804,0.015021051,0.005082629,0.05182643,-0.015745474,0.037354592,0.03381495,0.00959635,-0.04777676,0.026843619,0.032361317,0.013437701,-0.06336676,-0.069333956,0.027047407,0.008081067,-0.019372152,0.012280713,0.0732042,0.016209068,0.008099033,-0.008567307,-0.021361921,-0.049412712,0.016991012,-0.000046067227,0.033544555,0.015900137,-0.009121027,0.043556325,-0.0023617977,0.03179212,-0.000077402474,-0.026845973,0.016907094,-0.03065902,-0.027504835,0.07526153,-0.059534077,0.06793609,0.010187129,0.021081699,0.09421419,-0.0014532013,0.029706618,-0.02885106,0.0070906538,0.01828278,0.062236402,-0.033035155,-0.031947378,-0.013827472,0.012536379,-0.013064634,-0.04044657,-0.022958346,0.06989511,-0.07095226,-0.009153222,0.015052282,0.00041469207,-0.15326191,0.02315992,-0.012329936,-0.05418743,-0.005923099,0.036750093,-0.0300643,-0.040467102,-0.02690831,0.02012598,-0.004622509,-0.04560257,-0.009854379,-0.005368741,-0.056971554,0.017382931,-0.04919646,0.025454167,0.00094422675,-0.02816549,0.026770934,-0.050096225,0.011641558,-0.020644976,-0.06305969,0.024134604,0.06682654,0.033374153,-0.022187335,-0.020626118,-0.016907608,-0.0071516763,0.004998381,0.03148379,0.02591791,-0.022871036,0.023454236,-0.033466943,0.0089090485,-0.027987683,0.038871557,0.020785544,0.0053153485,0.040030435,-0.011063256,0.010520669,-0.0032863908,-0.008845008,-0.009424369,-0.017850032,0.02960966,0.005695663,-0.0101365475,-0.030037714,-0.04073663,-0.0019938357,-0.020115493,0.026565105,-0.05572279,-0.031970344,0.011232877,-0.06273971,0.010974552,0.0144398,-0.012901278,0.011373802,0.04427014,0.030285463,0.0037514127,-0.039306268,-0.00027087514,-0.011605468,-0.011561249,0.048507422,-0.01599429,0.0059639686,-0.033891283,0.0022784718,-0.013168774,-0.11673612,-0.007964511,0.019695368,-0.0034177788,0.0055909795,-0.001218624,-0.026793247,-0.006167126,-0.0069794855,0.02926453,0.21641694,0.013290448,0.009049893,-0.037235778,0.0066302274,-0.01646977,-0.019841908,0.005874429,0.0188529,0.0010091573,0.027398579,0.010535982,-0.0018183917,0.0068208645,-0.007589833,-0.04289925,-0.004308759,0.03559557,0.044282496,-0.011717008,0.030638231,0.0038803276,0.0506869,-0.019503444,-0.055323683,-0.0012065319,-0.0002515324,-0.009914837,-0.0148275485,0.01902416,-0.06412883,0.0060543567,0.015504718,-0.013790007,0.02194619,-0.0053604087,0.013303969,-0.011361438,0.028006868,0.035735093,-0.016259866,-0.01068926,-0.019179197,-0.020139387,-0.0019067348,-0.04516407,-0.021161236,0.010085397,0.03202008,-0.026832515,-0.05597394,-0.036888715,-0.010840417,-0.049156208,-0.027685147,-0.01680453,-0.0015164994,0.03005618,0.0012266639,0.027378019,-0.015473917,0.0004802329,-0.0038338366,-0.015106026,-0.0076233945,-0.031355854,-0.006668894,-0.009275037,-0.0031534184,0.000570555,0.0028784387,0.042346984,-0.0048871343,-0.0016073714,0.021714976,-0.010572937,0.04841924,0.0748045,0.034297794,0.011551676,-0.0864533,-0.034590892,-0.03293458,-0.035113182,0.007567889,0.0037137773,-0.005296052,-0.041107163,-0.035190415,0.004488178,-0.032608375,0.023636214,0.014468907,-0.0069453306,0.021265654,0.035153177,-0.08253144,-0.06095056,0.0065317675,0.013258787,0.00434095,-0.003652546,-0.02688787,-0.012395754,-0.013573162,-0.003267108,-0.015518587,-0.031293295,0.03856206,0.0039547454,-0.071914285,0.0022941246,-0.005133327,-0.033906214,0.040979803,-0.00043594398,-0.028017431,0.009249141,0.035769925,-0.020949546,-0.012960108,-0.023523187,0.057106007,0.0033747167,-0.00085211586,-0.019198323,0.024514169,-0.018507747,0.023825618,0.008762796,0.039734166,-0.04083712,-0.018425124,-0.019373545,-0.028239194,0.009624097,-0.030533293,0.0064604203,0.0023569276,0.005826199,-0.04381439,-0.01552347,0.013157289,-0.0034984187,0.017162312,-0.0026383786,0.010283715,0.0037759517,0.012143804,0.021139573,-0.018938072,0.025069429,0.09263232,-0.009695442,0.010310668,-0.0979711,0.008264181,0.030872075,0.055941936,0.040464625,-0.021384945,0.06253029,-0.007828497,0.06714273,0.022376353,0.039500814,0.028948976,0.007106283,-0.017740155,-0.037555072,0.008960166,-0.08347988,-0.0089888,0.015182321,0.038325183,-0.03398894,-0.05298623,0.0480427,-0.03157435,-0.053738073,0.042842265,-0.01094584,-0.0069655455,0.0070678876,-0.006979546,-0.02971772,0.007816162,0.000336176,-0.006219067,-0.034889936,-0.04951596,0.067726955,-0.034637813,-0.0115213785,0.02114267,-0.02574897,-0.017068027,0.045475457,-0.018354073,-0.010281075,0.020422779,-0.008886949,0.004122489,-0.006512128,0.0032741225,-0.012494653,0.031942196,-0.014923984,-0.0014979368,0.0024473702,-0.0002489007,-0.011177752,0.0018823958,0.008108633,-0.02981502,-0.035166856,0.019367,-0.00408025,0.0051128576,-0.05320353,-0.022349145,-0.011838936,0.030984905,-0.015471198,-0.02162649,0.01042934,0.012900774,-0.03718098,0.03132408,-0.011967819,0.002903658,-0.023333553,0.0457477,-0.012481848,-0.008781934,-0.0025934735,0.0062795263,-0.021183359,-0.049330216,-0.0056649987,0.004733067,0.028298685,0.016871335,0.013287152,-0.0106087215,0.015422244,-0.001046747,0.015676478,0.03482906,0.03065438,-0.00094825577,-0.0023635677,0.03841179,0.04255919,-0.058276888,0.0817381,-0.044644047,0.024059387,0.034784656,0.0001308688,-0.038886227,0.036827367,0.01978729,0.037387002,-0.029473228,-0.03571354,-0.018894238,0.05282906,-0.02367227,-0.028034883,-0.0047245817,-0.012551713,-0.03294155,-0.035150908,0.008175234,-0.01693541,0.00050218106,-0.037526544,0.017882368,-0.027705103,0.00814175,-0.03735291,0.017127741,0.007922559,0.0073255226,0.02681101,-0.007682277,-0.056686178,-0.03672014,-0.047436822,-0.0028077571,0.007913582,0.0027706278,0.0092367325,-0.008758892,0.0281278,0.013125204,-0.022420341,-0.030295203,-0.036159992,0.009346374,0.02497364,-0.0062395236,0.011002428,-0.030744825,0.011898249,-0.008353974,-0.0064422735,-0.0004131606,0.026286462,-0.008330013,-0.016556354,0.025917662,0.029117707,0.015365178,0.0031262652,0.0502855,0.01289922,0.028459486,0.0073178518,-0.0011631851,0.0003485182,-0.066259675,0.014735629,-0.026797771,-0.0052777333,0.015222125,-0.012731025,0.001810434,-0.019688776,-0.0629851,-0.018225009,-0.02698554,-0.07372845,0.014639239,-0.025366057,-0.0075840545,-0.026970478,0.069293074,0.01534368,-0.014015855,-0.058197126,0.04666412,-0.004930974,-0.01460121,0.04218121,0.0028381844,0.0010183962,0.0060726847,0.0010931507,0.014747276,0.053917356,-0.009413881,-0.01269441,0.037201338,-0.023072055,-0.04716881,-0.028376298,0.011615967,-0.017888546,-0.042604275,0.04422042,0.035822604,0.024366148,-0.0011205744,-0.006133176,0.06950977,-0.0015641014,0.028312288,0.037973728,0.0016850863,0.01839516,0.0019133906,-0.0043217917,0.03871038,0.00314659,0.009729663,0.03707089,-0.015603633,0.0036155032,-0.004464891,0.008010466,-0.0373276,0.025446868,0.032138743,-0.038934067,-0.033139937,-0.01025659,0.021331197,-0.02576516,-0.018739348,-0.011060363,-0.055845648,0.05422658,-0.10364546,0.044404265,-0.040443566,-0.0119906515,0.015170813,-0.019048113,0.015568505,-0.00081972795,0.0009286187,-0.03456832,0.04733746,-0.03196143,0.05306602,-0.016856404,0.0274431,0.014973621,-0.03277987,0.020667296,0.01357403,-0.013810335,0.010017153,-0.034851085,0.051393997,0.036648262,0.008540024,0.0075050597,0.0006332168,0.016997512,-0.009454349,-0.018099228,0.04569636,-0.010777067,-0.016274758,0.07996476,-0.00080669124,0.026498197,-0.0017290973,-0.024161346,-0.004660383,-0.007437432,0.0042729815,0.032516923,-0.0013367208,0.0027529874,-0.001470491,0.05372697,0.014310402,-0.055744432,-0.002820882,0.04649515,-0.036525156,0.003647453,-0.03388454,-0.020529918,-0.007706224,-0.010316145,-0.07541385,-0.061441064,0.015188381,-0.048182696,-0.0031308508,0.004675627,-0.06508612,-0.07255382,-0.008044991,-0.0041059367,-0.0015685898,0.03168742,-0.025934512,-0.0031447697,-0.01693238,0.007704398,0.0036938754,-0.04862894,-0.048908666,-0.039533783,0.066461675,-0.05865001,-0.065564066,-0.008169839,-0.038216837,-0.015050574,0.01719681,0.053887192,0.013071692,-0.020192958,0.006353768,-0.019221626,0.01625633,-0.021770537,-0.05973228,-0.007997024,-0.033343226,0.04532169,-0.031287435,0.004054393,0.008677457,-0.012134401,0.033024706,0.008031325,0.027103249,-0.06662104,0.0013471264,0.014914251,0.008085683,0.01193058,0.006843136,-0.016772078,0.021868408,-0.038318295,-0.013705462,-0.0071673314,-0.049829565,0.017403169,-0.05420716,0.022192175,0.021876408,-0.014861102,-0.024775162,-0.04814307,0.036846217,-0.0067502726,0.008236785,0.0069287783,-0.019690575,-0.010326536,0.043313924,0.0038088101,-0.0042156125,0.025094355,-0.016458394,-0.0103095975,-0.007900281,0.04504921,0.026250668,0.050883893,-0.023688283,0.044411242,-0.04298745,0.009943277,-0.0033603464,0.054249678,0.00847337,-0.0414753,-0.0055011204,0.033779148,0.022497399,-0.07308102,0.052849688,-0.037244216,0.026242737,-0.0020238382,0.019128526,0.087620966,-0.026403219,0.019181866,0.0015814528,0.010046788,0.034416486,0.04718769,0.03458431,-0.08347323,-0.011079533,0.032528058,0.026487445,0.04311218,0.0084612565,0.0010189019,-0.00962699,0.023943743,-0.0031101105,0.011398166,-0.031764474,0.028741237,0.026355004,-0.02999126,0.051216114,-0.012170845,0.06278433,-0.0075589092,0.011092781,0.016174017,0.019287463,0.042114682,0.029502114,0.01356302,0.026793325,-0.009866443,-0.002155938,-0.0069132345,-0.028635176,0.0048632664,-0.021333927,-0.0063765487,0.06956737,0.050400715,0.015041723,0.030955328,0.020247635,0.04570256,0.002118982,0.015562881,-0.000535623,0.0067503727,0.01387963,-0.040991098,0.0318722,-0.02206077,-0.047631666,0.010300131,0.022618538,-0.012226231,0.04910216,-0.014000927,0.0031605952,-0.02489973,0.03483766,-0.011556971,-0.00812668,-0.006418713,0.02930645,0.047454365,-0.026061336,-0.0050742375,0.020434529,-0.03254015,-0.0059161982,0.012998632,0.02357636,0.017284695,0.0044633457,-0.062485706,-0.01714351,0.043634173,-0.0023207925,0.019126328,-0.05827734,0.0063446094,0.008822315,0.022188894,0.0065523414,-0.0198592,0.03433115,0.022230111)"
  详细：Vector contents must start with "[".
	at org.springframework.jdbc.support.SQLStateSQLExceptionTranslator.doTranslate(SQLStateSQLExceptionTranslator.java:118)
	at org.springframework.jdbc.support.AbstractFallbackSQLExceptionTranslator.translate(AbstractFallbackSQLExceptionTranslator.java:107)
	at org.springframework.jdbc.support.AbstractFallbackSQLExceptionTranslator.translate(AbstractFallbackSQLExceptionTranslator.java:116)
	at org.springframework.jdbc.core.JdbcTemplate.translateException(JdbcTemplate.java:1548)
	at org.springframework.jdbc.core.JdbcTemplate.execute(JdbcTemplate.java:677)
	at org.springframework.jdbc.core.JdbcTemplate.update(JdbcTemplate.java:970)
	at org.springframework.jdbc.core.JdbcTemplate.update(JdbcTemplate.java:1014)
	at org.springframework.jdbc.core.JdbcTemplate.update(JdbcTemplate.java:1024)
	at com.imagemanager.service.impl.SmartChatServiceImpl.lambda$vectorizeChatQA$16(SmartChatServiceImpl.java:1232)
	at org.springframework.transaction.support.TransactionOperations.lambda$executeWithoutResult$0(TransactionOperations.java:68)
	at org.springframework.transaction.support.TransactionTemplate.execute(TransactionTemplate.java:140)
	at org.springframework.transaction.support.TransactionOperations.executeWithoutResult(TransactionOperations.java:67)
	at com.imagemanager.service.impl.SmartChatServiceImpl.vectorizeChatQA(SmartChatServiceImpl.java:1231)
	at com.imagemanager.service.impl.SmartChatServiceImpl.lambda$smartChat$0(SmartChatServiceImpl.java:467)
	at java.base/java.lang.Thread.run(Thread.java:1583)
Caused by: org.postgresql.util.PSQLException: 错误: invalid input syntax for type vector: "(-0.033823553,-0.0006062903,-0.05995567,0.052911125,-0.02831285,-0.082973376,-0.05102184,0.029662168,-0.020644046,0.024035271,-0.058681704,-0.012072725,0.044172365,-0.023726929,0.011542783,0.012664073,-0.0172134,-0.006271305,0.016009206,-0.008155567,0.027763732,0.04051841,0.04400615,0.0089238705,0.027542835,0.013098358,-0.046123847,0.026981438,0.07272043,0.02862956,0.021502335,-0.023906097,-0.01265099,-0.015693218,-0.047142606,0.03548799,-0.0037881027,-0.030529462,-0.028807241,0.03597881,0.004720572,-0.0061542415,-0.011443377,-0.003942772,0.0200248,0.00022569645,-0.047888387,-0.044250015,-0.018660184,-0.025518421,-0.004811628,-0.04183209,0.016443456,-0.029941004,-0.025807906,0.06051674,-0.026539257,0.021342115,0.003308852,0.045131125,-0.03458364,0.025642127,-0.016506799,-0.021284146,-0.0016873498,-0.0059562675,0.030077774,0.003124481,0.0150483595,-0.04063302,0.0027316923,0.015952751,-0.009568756,-0.0058916984,-0.059515107,0.05118722,-0.013499562,-0.008376763,0.003957853,0.009807286,0.015333279,-0.03968851,-0.010418336,-0.008771102,-0.022035489,-0.012487264,-0.009476969,-0.023359967,-0.026180902,-0.026281502,-0.024604945,-0.0128797125,-0.02600073,-0.03498745,-0.00016077445,-0.0054159784,-0.03154981,0.028126976,0.028122585,0.012961966,-0.007584036,0.018913332,0.022317065,-0.020093722,0.040552173,-0.041256044,0.033207018,-0.013778648,-0.013049279,-0.03292143,0.002113825,0.0051120217,-0.028465685,-0.012018364,-0.019836744,-0.037258018,-0.0012506341,-0.012695328,0.010209604,-0.044122826,0.00954667,0.0018870312,0.056054417,-0.019268688,-0.03014423,-0.01718004,-0.017965876,0.013914604,0.022699602,0.056664266,-0.0137663605,0.060175058,-0.010675618,0.0071861465,-0.01829617,-0.028932527,-0.04000002,0.019053549,0.0019715454,-0.01931175,0.016745158,0.014483042,-0.043589808,-0.000968065,0.0042282003,-0.037641786,0.012165059,0.018919092,-0.022396987,0.011631302,0.028259307,0.0016461842,0.050729513,-0.010464823,-0.005040635,-0.018473087,0.025734067,0.044653513,-0.06754802,0.043253016,-0.047509655,0.05330257,-0.021125527,-0.008963296,0.009233452,-0.015758611,-0.0023986078,0.0056657805,-0.03484538,0.0025268642,0.019617468,-0.011288918,0.024061555,0.006737049,0.019776236,0.032059982,0.061931055,0.0004940571,0.008156525,-0.019416211,-0.0016701134,0.0072689196,0.0242586,0.011793687,-0.014701465,0.058169886,0.07026011,-0.016652457,0.011687422,-0.039692227,-0.0034290606,0.028829444,0.002343115,0.011847566,0.007713146,-0.03347971,-0.0037871741,-0.0046354374,-0.015127276,-0.029176831,-0.021870486,-0.02113417,-0.03833498,0.015451356,-0.026638636,0.007774269,0.016802847,0.015921578,-0.0061442847,0.007200418,-0.056973252,-0.0327189,0.012035108,0.02396296,0.04654027,0.021487784,-0.026627254,-0.009160171,0.030667761,-0.038299236,-0.021210074,0.050912388,-0.0074629188,0.011452234,0.0035527502,-0.032203633,0.06931568,-0.0024343312,0.027656268,-0.045380414,-0.014062725,0.01253377,0.0066595534,-0.0015718875,0.011386723,0.02417768,-0.0026050804,0.015021051,0.005082629,0.05182643,-0.015745474,0.037354592,0.03381495,0.00959635,-0.04777676,0.026843619,0.032361317,0.013437701,-0.06336676,-0.069333956,0.027047407,0.008081067,-0.019372152,0.012280713,0.0732042,0.016209068,0.008099033,-0.008567307,-0.021361921,-0.049412712,0.016991012,-0.000046067227,0.033544555,0.015900137,-0.009121027,0.043556325,-0.0023617977,0.03179212,-0.000077402474,-0.026845973,0.016907094,-0.03065902,-0.027504835,0.07526153,-0.059534077,0.06793609,0.010187129,0.021081699,0.09421419,-0.0014532013,0.029706618,-0.02885106,0.0070906538,0.01828278,0.062236402,-0.033035155,-0.031947378,-0.013827472,0.012536379,-0.013064634,-0.04044657,-0.022958346,0.06989511,-0.07095226,-0.009153222,0.015052282,0.00041469207,-0.15326191,0.02315992,-0.012329936,-0.05418743,-0.005923099,0.036750093,-0.0300643,-0.040467102,-0.02690831,0.02012598,-0.004622509,-0.04560257,-0.009854379,-0.005368741,-0.056971554,0.017382931,-0.04919646,0.025454167,0.00094422675,-0.02816549,0.026770934,-0.050096225,0.011641558,-0.020644976,-0.06305969,0.024134604,0.06682654,0.033374153,-0.022187335,-0.020626118,-0.016907608,-0.0071516763,0.004998381,0.03148379,0.02591791,-0.022871036,0.023454236,-0.033466943,0.0089090485,-0.027987683,0.038871557,0.020785544,0.0053153485,0.040030435,-0.011063256,0.010520669,-0.0032863908,-0.008845008,-0.009424369,-0.017850032,0.02960966,0.005695663,-0.0101365475,-0.030037714,-0.04073663,-0.0019938357,-0.020115493,0.026565105,-0.05572279,-0.031970344,0.011232877,-0.06273971,0.010974552,0.0144398,-0.012901278,0.011373802,0.04427014,0.030285463,0.0037514127,-0.039306268,-0.00027087514,-0.011605468,-0.011561249,0.048507422,-0.01599429,0.0059639686,-0.033891283,0.0022784718,-0.013168774,-0.11673612,-0.007964511,0.019695368,-0.0034177788,0.0055909795,-0.001218624,-0.026793247,-0.006167126,-0.0069794855,0.02926453,0.21641694,0.013290448,0.009049893,-0.037235778,0.0066302274,-0.01646977,-0.019841908,0.005874429,0.0188529,0.0010091573,0.027398579,0.010535982,-0.0018183917,0.0068208645,-0.007589833,-0.04289925,-0.004308759,0.03559557,0.044282496,-0.011717008,0.030638231,0.0038803276,0.0506869,-0.019503444,-0.055323683,-0.0012065319,-0.0002515324,-0.009914837,-0.0148275485,0.01902416,-0.06412883,0.0060543567,0.015504718,-0.013790007,0.02194619,-0.0053604087,0.013303969,-0.011361438,0.028006868,0.035735093,-0.016259866,-0.01068926,-0.019179197,-0.020139387,-0.0019067348,-0.04516407,-0.021161236,0.010085397,0.03202008,-0.026832515,-0.05597394,-0.036888715,-0.010840417,-0.049156208,-0.027685147,-0.01680453,-0.0015164994,0.03005618,0.0012266639,0.027378019,-0.015473917,0.0004802329,-0.0038338366,-0.015106026,-0.0076233945,-0.031355854,-0.006668894,-0.009275037,-0.0031534184,0.000570555,0.0028784387,0.042346984,-0.0048871343,-0.0016073714,0.021714976,-0.010572937,0.04841924,0.0748045,0.034297794,0.011551676,-0.0864533,-0.034590892,-0.03293458,-0.035113182,0.007567889,0.0037137773,-0.005296052,-0.041107163,-0.035190415,0.004488178,-0.032608375,0.023636214,0.014468907,-0.0069453306,0.021265654,0.035153177,-0.08253144,-0.06095056,0.0065317675,0.013258787,0.00434095,-0.003652546,-0.02688787,-0.012395754,-0.013573162,-0.003267108,-0.015518587,-0.031293295,0.03856206,0.0039547454,-0.071914285,0.0022941246,-0.005133327,-0.033906214,0.040979803,-0.00043594398,-0.028017431,0.009249141,0.035769925,-0.020949546,-0.012960108,-0.023523187,0.057106007,0.0033747167,-0.00085211586,-0.019198323,0.024514169,-0.018507747,0.023825618,0.008762796,0.039734166,-0.04083712,-0.018425124,-0.019373545,-0.028239194,0.009624097,-0.030533293,0.0064604203,0.0023569276,0.005826199,-0.04381439,-0.01552347,0.013157289,-0.0034984187,0.017162312,-0.0026383786,0.010283715,0.0037759517,0.012143804,0.021139573,-0.018938072,0.025069429,0.09263232,-0.009695442,0.010310668,-0.0979711,0.008264181,0.030872075,0.055941936,0.040464625,-0.021384945,0.06253029,-0.007828497,0.06714273,0.022376353,0.039500814,0.028948976,0.007106283,-0.017740155,-0.037555072,0.008960166,-0.08347988,-0.0089888,0.015182321,0.038325183,-0.03398894,-0.05298623,0.0480427,-0.03157435,-0.053738073,0.042842265,-0.01094584,-0.0069655455,0.0070678876,-0.006979546,-0.02971772,0.007816162,0.000336176,-0.006219067,-0.034889936,-0.04951596,0.067726955,-0.034637813,-0.0115213785,0.02114267,-0.02574897,-0.017068027,0.045475457,-0.018354073,-0.010281075,0.020422779,-0.008886949,0.004122489,-0.006512128,0.0032741225,-0.012494653,0.031942196,-0.014923984,-0.0014979368,0.0024473702,-0.0002489007,-0.011177752,0.0018823958,0.008108633,-0.02981502,-0.035166856,0.019367,-0.00408025,0.0051128576,-0.05320353,-0.022349145,-0.011838936,0.030984905,-0.015471198,-0.02162649,0.01042934,0.012900774,-0.03718098,0.03132408,-0.011967819,0.002903658,-0.023333553,0.0457477,-0.012481848,-0.008781934,-0.0025934735,0.0062795263,-0.021183359,-0.049330216,-0.0056649987,0.004733067,0.028298685,0.016871335,0.013287152,-0.0106087215,0.015422244,-0.001046747,0.015676478,0.03482906,0.03065438,-0.00094825577,-0.0023635677,0.03841179,0.04255919,-0.058276888,0.0817381,-0.044644047,0.024059387,0.034784656,0.0001308688,-0.038886227,0.036827367,0.01978729,0.037387002,-0.029473228,-0.03571354,-0.018894238,0.05282906,-0.02367227,-0.028034883,-0.0047245817,-0.012551713,-0.03294155,-0.035150908,0.008175234,-0.01693541,0.00050218106,-0.037526544,0.017882368,-0.027705103,0.00814175,-0.03735291,0.017127741,0.007922559,0.0073255226,0.02681101,-0.007682277,-0.056686178,-0.03672014,-0.047436822,-0.0028077571,0.007913582,0.0027706278,0.0092367325,-0.008758892,0.0281278,0.013125204,-0.022420341,-0.030295203,-0.036159992,0.009346374,0.02497364,-0.0062395236,0.011002428,-0.030744825,0.011898249,-0.008353974,-0.0064422735,-0.0004131606,0.026286462,-0.008330013,-0.016556354,0.025917662,0.029117707,0.015365178,0.0031262652,0.0502855,0.01289922,0.028459486,0.0073178518,-0.0011631851,0.0003485182,-0.066259675,0.014735629,-0.026797771,-0.0052777333,0.015222125,-0.012731025,0.001810434,-0.019688776,-0.0629851,-0.018225009,-0.02698554,-0.07372845,0.014639239,-0.025366057,-0.0075840545,-0.026970478,0.069293074,0.01534368,-0.014015855,-0.058197126,0.04666412,-0.004930974,-0.01460121,0.04218121,0.0028381844,0.0010183962,0.0060726847,0.0010931507,0.014747276,0.053917356,-0.009413881,-0.01269441,0.037201338,-0.023072055,-0.04716881,-0.028376298,0.011615967,-0.017888546,-0.042604275,0.04422042,0.035822604,0.024366148,-0.0011205744,-0.006133176,0.06950977,-0.0015641014,0.028312288,0.037973728,0.0016850863,0.01839516,0.0019133906,-0.0043217917,0.03871038,0.00314659,0.009729663,0.03707089,-0.015603633,0.0036155032,-0.004464891,0.008010466,-0.0373276,0.025446868,0.032138743,-0.038934067,-0.033139937,-0.01025659,0.021331197,-0.02576516,-0.018739348,-0.011060363,-0.055845648,0.05422658,-0.10364546,0.044404265,-0.040443566,-0.0119906515,0.015170813,-0.019048113,0.015568505,-0.00081972795,0.0009286187,-0.03456832,0.04733746,-0.03196143,0.05306602,-0.016856404,0.0274431,0.014973621,-0.03277987,0.020667296,0.01357403,-0.013810335,0.010017153,-0.034851085,0.051393997,0.036648262,0.008540024,0.0075050597,0.0006332168,0.016997512,-0.009454349,-0.018099228,0.04569636,-0.010777067,-0.016274758,0.07996476,-0.00080669124,0.026498197,-0.0017290973,-0.024161346,-0.004660383,-0.007437432,0.0042729815,0.032516923,-0.0013367208,0.0027529874,-0.001470491,0.05372697,0.014310402,-0.055744432,-0.002820882,0.04649515,-0.036525156,0.003647453,-0.03388454,-0.020529918,-0.007706224,-0.010316145,-0.07541385,-0.061441064,0.015188381,-0.048182696,-0.0031308508,0.004675627,-0.06508612,-0.07255382,-0.008044991,-0.0041059367,-0.0015685898,0.03168742,-0.025934512,-0.0031447697,-0.01693238,0.007704398,0.0036938754,-0.04862894,-0.048908666,-0.039533783,0.066461675,-0.05865001,-0.065564066,-0.008169839,-0.038216837,-0.015050574,0.01719681,0.053887192,0.013071692,-0.020192958,0.006353768,-0.019221626,0.01625633,-0.021770537,-0.05973228,-0.007997024,-0.033343226,0.04532169,-0.031287435,0.004054393,0.008677457,-0.012134401,0.033024706,0.008031325,0.027103249,-0.06662104,0.0013471264,0.014914251,0.008085683,0.01193058,0.006843136,-0.016772078,0.021868408,-0.038318295,-0.013705462,-0.0071673314,-0.049829565,0.017403169,-0.05420716,0.022192175,0.021876408,-0.014861102,-0.024775162,-0.04814307,0.036846217,-0.0067502726,0.008236785,0.0069287783,-0.019690575,-0.010326536,0.043313924,0.0038088101,-0.0042156125,0.025094355,-0.016458394,-0.0103095975,-0.007900281,0.04504921,0.026250668,0.050883893,-0.023688283,0.044411242,-0.04298745,0.009943277,-0.0033603464,0.054249678,0.00847337,-0.0414753,-0.0055011204,0.033779148,0.022497399,-0.07308102,0.052849688,-0.037244216,0.026242737,-0.0020238382,0.019128526,0.087620966,-0.026403219,0.019181866,0.0015814528,0.010046788,0.034416486,0.04718769,0.03458431,-0.08347323,-0.011079533,0.032528058,0.026487445,0.04311218,0.0084612565,0.0010189019,-0.00962699,0.023943743,-0.0031101105,0.011398166,-0.031764474,0.028741237,0.026355004,-0.02999126,0.051216114,-0.012170845,0.06278433,-0.0075589092,0.011092781,0.016174017,0.019287463,0.042114682,0.029502114,0.01356302,0.026793325,-0.009866443,-0.002155938,-0.0069132345,-0.028635176,0.0048632664,-0.021333927,-0.0063765487,0.06956737,0.050400715,0.015041723,0.030955328,0.020247635,0.04570256,0.002118982,0.015562881,-0.000535623,0.0067503727,0.01387963,-0.040991098,0.0318722,-0.02206077,-0.047631666,0.010300131,0.022618538,-0.012226231,0.04910216,-0.014000927,0.0031605952,-0.02489973,0.03483766,-0.011556971,-0.00812668,-0.006418713,0.02930645,0.047454365,-0.026061336,-0.0050742375,0.020434529,-0.03254015,-0.0059161982,0.012998632,0.02357636,0.017284695,0.0044633457,-0.062485706,-0.01714351,0.043634173,-0.0023207925,0.019126328,-0.05827734,0.0063446094,0.008822315,0.022188894,0.0065523414,-0.0198592,0.03433115,0.022230111)"
  详细：Vector contents must start with "[".
	at org.postgresql.core.v3.QueryExecutorImpl.receiveErrorResponse(QueryExecutorImpl.java:2713)
	at org.postgresql.core.v3.QueryExecutorImpl.processResults(QueryExecutorImpl.java:2401)
	at org.postgresql.core.v3.QueryExecutorImpl.execute(QueryExecutorImpl.java:368)
	at org.postgresql.jdbc.PgStatement.executeInternal(PgStatement.java:498)
	at org.postgresql.jdbc.PgStatement.execute(PgStatement.java:415)
	at org.postgresql.jdbc.PgPreparedStatement.executeWithFlags(PgPreparedStatement.java:190)
	at org.postgresql.jdbc.PgPreparedStatement.executeUpdate(PgPreparedStatement.java:152)
	at com.zaxxer.hikari.pool.ProxyPreparedStatement.executeUpdate(ProxyPreparedStatement.java:61)
	at com.zaxxer.hikari.pool.HikariProxyPreparedStatement.executeUpdate(HikariProxyPreparedStatement.java)
	at org.springframework.jdbc.core.JdbcTemplate.lambda$update$2(JdbcTemplate.java:975)
	at org.springframework.jdbc.core.JdbcTemplate.execute(JdbcTemplate.java:658)